0,62.6,0,0.995,0.3,0.01,0,0.8
0,62.3,0,0.0,0.5,0.01,0,0.9
0,58.8,0,0.5,0.7,0.01,0,0.7
0,58.2,0,0.9,0.7,0.03,0,0.8
0,59.9,0,0.0,0.5,0.01,0,0.6
0,60.1,0,0.9,0.3,0.02,0,0.995
0,60.9,0,0.0,0.5,0.005,0,0.995
0,62.9,0,0.95,0.3,0.02,0,0.7
0,45.8,0,0.99,0.3,0.03,0,0.99
0,59.5,0,0.0,0.7,0.02,0,0.9
0,63.1,0,0.99,0.3,0.01,0,0.6
0,42.5,0,0.995,0.3,0.04,0,0.995
0,63.3,0,0.5,0.3,0.01,0,0.95
0,46.3,0,0.95,0.5,0.01,0,0.99
0,59.8,0,0.7,0.5,0.03,0,0.7
0,56.9,0,0.9,0.7,0.04,0,0.7
0,61.6,0,0.95,0.3,0.02,0,0.9
0,44.8,0,0.9,0.7,0.02,0,0.995
0,61.5,0,0.1,0.3,0.01,0,0.99
0,59.8,0,0.9,0.5,0.005,0,0.95
0,57.6,0,0.7,0.7,0.02,0,0.6
0,63.2,0,0.3,0.3,0.01,0,0.95
0,59.5,0,0.0,0.7,0.02,0,0.9
0,59.9,0,0.5,0.7,0.02,0,0.9
0,60.2,0,0.9,0.3,0.03,0,0.99
0,62.0,0,0.99,0.3,0.03,0,0.8
0,47.6,0,0.995,0.7,0.03,0,0.9
0,62.7,0,0.7,0.3,0.02,0,0.6
0,61.8,0,0.7,0.3,0.04,0,0.9
0,62.6,0,0.3,0.3,0.02,0,0.8
0,59.2,0,0.7,0.7,0.01,0,0.7
0,55.3,0,0.95,0.3,0.005,0,0.99
0,62.0,0,0.1,0.3,0.005,0,0.6
0,55.6,0,0.99,0.5,0.02,0,0.9
0,60.7,0,0.99,0.3,0.01,0,0.9
0,60.9,0,0.5,0.7,0.01,0,0.995
0,63.1,0,0.5,0.3,0.02,0,0.8
0,62.6,0,0.995,0.3,0.01,0,0.8
0,61.8,0,0.1,0.5,0.01,0,0.995
0,60.9,0,0.7,0.3,0.04,0,0.995
0,55.8,0,0.95,0.5,0.03,0,0.95
0,59.8,0,0.1,0.3,0.04,0,0.9
0,62.4,0,0.5,0.5,0.005,0,0.7
0,62.0,0,0.5,0.3,0.03,0,0.8
0,56.7,0,0.5,0.7,0.03,0,0.7
0,61.2,0,0.5,0.7,0.005,0,0.995
0,60.8,0,0.99,0.5,0.01,0,0.8
0,60.6,0,0.995,0.5,0.005,0,0.8
0,61.0,0,0.95,0.3,0.04,0,0.6
0,61.1,0,0.99,0.5,0.005,0,0.7
0,59.1,0,0.0,0.7,0.02,0,0.99
0,47.7,0,0.9,0.7,0.03,0,0.99
0,62.6,0,0.9,0.3,0.01,0,0.9
0,44.4,0,0.995,0.3,0.03,0,0.99
0,62.8,0,0.9,0.3,0.02,0,0.8
0,63.1,0,0.5,0.3,0.005,0,0.7
0,59.5,0,0.9,0.7,0.005,0,0.7
0,63.7,0,0.3,0.3,0.01,0,0.9
0,58.6,0,0.0,0.3,0.04,0,0.99
0,63.0,0,0.3,0.7,0.005,0,0.99
0,61.3,0,0.5,0.5,0.03,0,0.9
0,55.0,0,0.995,0.5,0.02,0,0.9
0,60.6,0,0.7,0.7,0.02,0,0.95
1,56.7,0,0.5,0.7,0.03,0,0.7
1,60.6,0,0.7,0.7,0.02,0,0.95
1,55.8,0,0.95,0.5,0.03,0,0.95
1,59.2,0,0.3,0.7,0.01,0,0.6
1,62.0,0,0.1,0.3,0.005,0,0.6
1,59.3,0,0.95,0.5,0.04,0,0.8
1,60.5,0,0.0,0.5,0.02,0,0.99
1,58.9,0,0.3,0.7,0.02,0,0.7
1,47.6,0,0.995,0.7,0.03,0,0.9
1,62.6,0,0.9,0.3,0.01,0,0.9
1,62.5,0,0.9,0.3,0.02,0,0.9
1,61.1,0,0.995,0.5,0.005,0,0.7
1,58.8,0,0.5,0.7,0.01,0,0.7
1,62.1,0,0.1,0.7,0.005,0,0.995
1,48.0,0,0.995,0.7,0.04,0,0.9
1,24.0,0,0.995,0.7,0.005,0,0.99
1,60.1,0,0.7,0.7,0.005,0,0.995
1,62.7,0,0.5,0.3,0.02,0,0.95
1,62.8,0,0.7,0.3,0.02,0,0.7
1,46.3,0,0.95,0.5,0.01,0,0.99
1,59.5,0,0.0,0.5,0.02,0,0.7
1,61.1,0,0.1,0.5,0.005,0,0.6
1,24.2,0,0.995,0.7,0.01,0,0.99
1,44.7,0,0.995,0.3,0.02,0,0.99
1,56.2,0,0.99,0.7,0.03,0,0.8
1,62.6,0,0.995,0.3,0.01,0,0.8
1,61.4,0,0.9,0.3,0.04,0,0.9
1,30.3,0,0.95,0.7,0.01,0,0.99
1,57.8,0,0.0,0.5,0.04,0,0.9
1,61.8,0,0.1,0.5,0.01,0,0.995
1,56.8,0,0.995,0.7,0.04,0,0.7
1,56.7,0,0.1,0.7,0.04,0,0.9
1,59.9,0,0.3,0.5,0.02,0,0.6
1,59.8,0,0.1,0.3,0.04,0,0.9
1,58.6,0,0.5,0.7,0.03,0,0.995
1,44.3,0,0.95,0.5,0.01,0,0.995
1,61.9,0,0.0,0.5,0.01,0,0.8
1,62.3,0,0.3,0.3,0.02,0,0.7
1,25.2,0,0.99,0.7,0.01,0,0.99
1,59.0,0,0.7,0.7,0.02,0,0.995
1,57.4,0,0.1,0.5,0.04,0,0.995
1,56.7,0,0.995,0.3,0.03,0,0.95
1,62.5,0,0.1,0.5,0.01,0,0.99
1,44.4,0,0.995,0.3,0.03,0,0.99
1,62.0,0,0.99,0.3,0.03,0,0.8
1,62.6,0,0.3,0.3,0.02,0,0.8
1,59.4,0,0.1,0.3,0.04,0,0.99
1,61.5,0,0.1,0.3,0.01,0,0.99
1,61.3,0,0.1,0.7,0.01,0,0.995
1,25.1,0,0.995,0.5,0.01,0,0.995
1,55.9,0,0.995,0.3,0.01,0,0.95
1,61.9,0,0.995,0.3,0.03,0,0.8
1,62.1,0,0.95,0.3,0.03,0,0.7
1,58.8,0,0.995,0.7,0.02,0,0.7
1,63.3,0,0.9,0.3,0.01,0,0.6
1,57.6,0,0.7,0.7,0.02,0,0.6
1,57.1,0,0.0,0.5,0.04,0,0.8
1,60.7,0,0.1,0.5,0.02,0,0.8
1,62.9,0,0.5,0.3,0.02,0,0.7
1,62.9,0,0.95,0.3,0.02,0,0.7
1,63.2,0,0.7,0.3,0.02,0,0.8
1,56.4,0,0.995,0.3,0.02,0,0.95
1,63.1,0,0.5,0.3,0.02,0,0.8
2,63.0,0,0.995,0.3,0.005,0,0.7
2,60.9,0,0.99,0.3,0.04,0,0.8
2,60.4,0,0.995,0.5,0.02,0,0.7
2,57.8,0,0.0,0.5,0.04,0,0.9
2,59.0,0,0.3,0.5,0.04,0,0.99
2,63.0,0,0.5,0.3,0.02,0,0.9
2,62.6,0,0.3,0.3,0.02,0,0.8
2,60.5,0,0.9,0.3,0.01,0,0.99
2,63.7,0,0.7,0.3,0.01,0,0.8
2,25.6,0,0.995,0.5,0.04,0,0.995
2,60.6,0,0.7,0.7,0.02,0,0.95
2,55.4,0,0.0,0.5,0.04,0,0.6
2,56.4,0,0.1,0.5,0.04,0,0.6
2,60.9,0,0.5,0.7,0.01,0,0.995
2,58.0,0,0.1,0.7,0.03,0,0.99
2,61.1,0,0.1,0.5,0.005,0,0.6
2,25.1,0,0.995,0.5,0.01,0,0.995
2,62.6,0,0.995,0.3,0.01,0,0.8
2,60.9,0,0.0,0.3,0.02,0,0.99
2,63.2,0,0.9,0.3,0.005,0,0.8
2,61.3,0,0.1,0.7,0.01,0,0.995
2,57.6,0,0.5,0.7,0.03,0,0.8
2,22.7,0,0.995,0.7,0.01,0,0.995
2,48.0,0,0.995,0.7,0.04,0,0.9
2,62.9,0,0.5,0.3,0.02,0,0.7
2,62.9,0,0.3,0.3,0.02,0,0.9
2,62.0,0,0.1,0.3,0.005,0,0.6
2,59.5,0,0.3,0.5,0.04,0,0.9
2,57.9,0,0.3,0.7,0.04,0,0.9
2,57.6,0,0.7,0.7,0.02,0,0.6
2,61.1,0,0.995,0.5,0.005,0,0.7
2,62.0,0,0.9,0.3,0.02,0,0.95
2,61.1,0,0.995,0.3,0.04,0,0.8
2,58.7,0,0.3,0.5,0.03,0,0.6
2,24.9,0,0.995,0.5,0.02,0,0.995
2,58.0,0,0.99,0.7,0.02,0,0.6
2,60.6,0,0.1,0.7,0.005,0,0.7
2,47.5,0,0.95,0.7,0.02,0,0.95
2,45.3,0,0.95,0.5,0.04,0,0.995
2,60.5,0,0.9,0.3,0.01,0,0.99
2,59.9,0,0.3,0.5,0.02,0,0.6
2,57.8,0,0.5,0.7,0.02,0,0.7
2,41.9,0,0.995,0.3,0.02,0,0.995
2,62.8,0,0.5,0.5,0.01,0,0.995
2,57.4,0,0.0,0.5,0.04,0,0.99
2,44.7,0,0.995,0.3,0.02,0,0.99
2,63.7,0,0.3,0.3,0.01,0,0.9
2,25.7,0,0.99,0.5,0.03,0,0.995
2,59.7,0,0.0,0.3,0.04,0,0.9
2,59.8,0,0.1,0.3,0.04,0,0.9
2,60.3,0,0.1,0.3,0.01,0,0.995
2,44.5,0,0.9,0.7,0.01,0,0.995
2,62.3,0,0.3,0.7,0.005,0,0.995
2,60.1,0,0.7,0.7,0.005,0,0.995
2,62.6,0,0.9,0.3,0.01,0,0.9
2,61.9,0,0.3,0.5,0.005,0,0.995
2,60.6,0,0.995,0.3,0.01,0,0.9
2,55.4,0,0.9,0.7,0.04,0,0.9
2,24.2,0,0.995,0.7,0.01,0,0.99
2,61.3,0,0.1,0.3,0.02,0,0.99
2,62.9,0,0.95,0.3,0.02,0,0.7
2,58.9,0,0.3,0.7,0.02,0,0.7
2,44.1,0,0.995,0.3,0.01,0,0.99
3,55.3,0,0.0,0.7,0.03,0,0.6
3,63.7,0,0.3,0.3,0.01,0,0.9
3,62.0,0,0.3,0.7,0.01,0,0.995
3,60.9,0,0.0,0.3,0.02,0,0.99
3,59.7,0,0.0,0.3,0.04,0,0.9
3,60.9,0,0.5,0.7,0.01,0,0.995
3,62.9,0,0.95,0.3,0.02,0,0.7
3,59.5,0,0.0,0.5,0.03,0,0.95
3,60.1,0,0.5,0.7,0.02,0,0.99
3,60.7,0,0.0,0.3,0.03,0,0.9
3,56.4,0,0.1,0.5,0.04,0,0.6
3,60.1,0,0.7,0.7,0.005,0,0.995
3,59.0,0,0.3,0.5,0.04,0,0.99
3,59.9,0,0.1,0.3,0.04,0,0.95
3,61.0,0,0.95,0.5,0.01,0,0.8
3,59.6,0,0.7,0.5,0.04,0,0.8
3,57.3,0,0.9,0.7,0.04,0,0.8
3,58.4,0,0.7,0.5,0.04,0,0.6
3,44.8,0,0.9,0.7,0.02,0,0.995
3,45.3,0,0.95,0.5,0.04,0,0.995
3,62.8,0,0.1,0.5,0.01,0,0.9
3,39.0,0,0.995,0.3,0.005,0,0.995
3,60.3,0,0.1,0.3,0.01,0,0.995
3,61.1,0,0.1,0.7,0.01,0,0.8
3,61.2,0,0.5,0.3,0.04,0,0.8
3,56.7,0,0.1,0.7,0.04,0,0.9
3,57.4,0,0.3,0.5,0.04,0,0.6
3,57.1,0,0.99,0.7,0.03,0,0.6
3,61.9,0,0.5,0.7,0.005,0,0.99
3,36.5,0,0.95,0.7,0.005,0,0.99
3,62.9,0,0.5,0.3,0.02,0,0.7
3,58.6,0,0.1,0.5,0.04,0,0.9
3,55.3,0,0.3,0.7,0.04,0,0.6
3,60.6,0,0.7,0.7,0.02,0,0.95
3,62.6,0,0.3,0.3,0.02,0,0.8
3,61.4,0,0.3,0.5,0.02,0,0.99
3,59.2,0,0.5,0.5,0.03,0,0.6
3,62.7,0,0.7,0.3,0.02,0,0.6
3,61.1,0,0.995,0.5,0.005,0,0.7
3,63.1,0,0.1,0.5,0.005,0,0.95
3,63.4,0,0.5,0.3,0.005,0,0.8
3,61.0,0,0.7,0.3,0.04,0,0.99
3,59.4,0,0.1,0.5,0.03,0,0.8
3,56.9,0,0.9,0.7,0.04,0,0.7
3,61.8,0,0.3,0.3,0.02,0,0.6
3,55.4,0,0.0,0.5,0.04,0,0.6
3,61.1,0,0.3,0.5,0.02,0,0.995
3,61.3,0,0.1,0.7,0.01,0,0.995
3,60.6,0,0.3,0.3,0.04,0,0.8
3,61.4,0,0.3,0.5,0.02,0,0.8
3,58.9,0,0.7,0.7,0.005,0,0.6
3,61.1,0,0.1,0.5,0.005,0,0.6
3,58.9,0,0.1,0.3,0.04,0,0.6
3,59.9,0,0.3,0.5,0.02,0,0.6
3,58.0,0,0.99,0.7,0.02,0,0.6
3,58.7,0,0.1,0.7,0.01,0,0.6
3,63.1,0,0.1,0.5,0.005,0,0.9
3,59.5,0,0.3,0.5,0.04,0,0.9
3,39.8,0,0.99,0.7,0.02,0,0.95
3,47.5,0,0.95,0.7,0.02,0,0.95
3,62.9,0,0.1,0.3,0.01,0,0.9
3,59.8,0,0.1,0.3,0.04,0,0.9
3,59.0,0,0.7,0.7,0.02,0,0.995
4,25.9,0,0.99,0.5,0.04,0,0.995
4,61.8,0,0.1,0.3,0.02,0,0.8
4,61.1,0,0.995,0.3,0.04,0,0.8
4,63.0,0,0.3,0.3,0.005,0,0.7
4,62.1,0,0.3,0.5,0.005,0,0.7
4,60.8,0,0.7,0.3,0.04,0,0.6
4,56.7,0,0.1,0.7,0.04,0,0.9
4,60.3,0,0.7,0.3,0.005,0,0.995
4,63.4,0,0.5,0.3,0.005,0,0.8
4,31.3,0,0.995,0.5,0.04,0,0.99
4,62.8,0,0.1,0.5,0.01,0,0.9
4,62.6,0,0.3,0.3,0.02,0,0.8
4,39.8,0,0.99,0.7,0.02,0,0.95
4,53.7,0,0.0,0.7,0.04,0,0.6
4,60.4,0,0.95,0.5,0.02,0,0.6
4,60.8,0,0.3,0.3,0.04,0,0.95
4,61.1,0,0.95,0.5,0.005,0,0.8
4,52.3,0,0.95,0.7,0.01,0,0.9
4,61.6,0,0.1,0.5,0.005,0,0.995
4,55.3,0,0.3,0.7,0.04,0,0.6
4,55.3,0,0.0,0.7,0.03,0,0.6
4,30.5,0,0.99,0.5,0.005,0,0.99
4,56.8,0,0.5,0.7,0.03,0,0.6
4,60.6,0,0.1,0.7,0.005,0,0.7
4,62.9,0,0.3,0.3,0.005,0,0.8
4,58.9,0,0.995,0.5,0.04,0,0.8
4,61.1,0,0.995,0.5,0.005,0,0.7
4,39.0,0,0.995,0.3,0.005,0,0.995
4,61.9,0,0.5,0.7,0.005,0,0.99
4,60.8,0,0.99,0.5,0.01,0,0.8
4,61.7,0,0.7,0.5,0.01,0,0.6
4,61.7,0,0.9,0.5,0.01,0,0.8
4,60.3,0,0.1,0.3,0.01,0,0.995
4,59.5,0,0.3,0.5,0.04,0,0.9
4,62.3,0,0.3,0.3,0.02,0,0.7
4,62.3,0,0.0,0.3,0.005,0,0.9
4,62.3,0,0.1,0.3,0.02,0,0.9
4,58.9,0,0.95,0.5,0.02,0,0.9
4,59.5,0,0.0,0.3,0.03,0,0.6
4,60.3,0,0.1,0.7,0.02,0,0.9
4,56.9,0,0.9,0.7,0.04,0,0.7
4,60.9,0,0.0,0.3,0.02,0,0.99
4,61.1,0,0.7,0.3,0.03,0,0.995
4,59.8,0,0.1,0.7,0.02,0,0.99
4,58.6,0,0.0,0.3,0.04,0,0.99
4,60.9,0,0.1,0.5,0.02,0,0.99
4,62.9,0,0.5,0.3,0.02,0,0.7
4,61.3,0,0.0,0.3,0.02,0,0.7
4,59.9,0,0.1,0.3,0.005,0,0.99
4,63.1,0,0.1,0.5,0.005,0,0.9
4,24.4,0,0.995,0.7,0.04,0,0.995
4,63.2,0,0.5,0.5,0.01,0,0.9
4,61.2,0,0.5,0.7,0.005,0,0.995
4,61.1,0,0.3,0.5,0.02,0,0.995
4,60.1,0,0.5,0.7,0.02,0,0.99
4,57.7,0,0.1,0.5,0.04,0,0.99
4,59.5,0,0.9,0.5,0.04,0,0.9
4,63.3,0,0.95,0.3,0.01,0,0.7
4,62.9,0,0.1,0.3,0.01,0,0.9
4,59.8,0,0.1,0.3,0.04,0,0.9
4,22.6,0,0.995,0.7,0.005,0,0.995
4,59.9,0,0.5,0.3,0.005,0,0.995
4,58.6,0,0.1,0.5,0.04,0,0.9
5,58.0,0,0.0,0.5,0.03,0,0.7
5,63.0,0,0.3,0.3,0.005,0,0.7
5,61.0,0,0.0,0.5,0.02,0,0.95
5,62.9,0,0.1,0.3,0.01,0,0.9
5,57.7,0,0.1,0.5,0.04,0,0.99
5,43.8,0,0.95,0.5,0.03,0,0.995
5,61.4,0,0.1,0.3,0.03,0,0.9
5,63.8,0,0.5,0.3,0.01,0,0.9
5,48.6,0,0.99,0.7,0.04,0,0.9
5,56.9,0,0.95,0.3,0.01,0,0.99
5,61.1,0,0.995,0.5,0.005,0,0.7
5,57.4,0,0.9,0.5,0.02,0,0.99
5,58.9,0,0.95,0.5,0.02,0,0.9
5,62.0,0,0.0,0.3,0.02,0,0.9
5,59.7,0,0.99,0.5,0.03,0,0.7
5,24.9,0,0.995,0.5,0.02,0,0.995
5,61.8,0,0.0,0.3,0.005,0,0.6
5,56.2,0,0.95,0.3,0.04,0,0.995
5,61.7,0,0.7,0.5,0.01,0,0.6
5,56.9,0,0.9,0.7,0.04,0,0.7
5,24.4,0,0.995,0.7,0.04,0,0.995
5,62.0,0,0.5,0.3,0.03,0,0.8
5,61.2,0,0.5,0.7,0.005,0,0.995
5,25.0,0,0.995,0.7,0.04,0,0.99
5,53.5,0,0.95,0.3,0.005,0,0.995
5,59.5,0,0.5,0.5,0.04,0,0.995
5,61.3,0,0.7,0.7,0.01,0,0.95
5,55.6,0,0.99,0.5,0.04,0,0.9
5,63.1,0,0.1,0.5,0.005,0,0.9
5,57.7,0,0.0,0.7,0.02,0,0.7
5,59.9,0,0.5,0.7,0.02,0,0.9
5,62.3,0,0.3,0.7,0.005,0,0.995
5,62.1,0,0.1,0.7,0.005,0,0.995
5,62.5,0,0.99,0.3,0.005,0,0.8
5,61.3,0,0.7,0.7,0.01,0,0.9
5,57.4,0,0.5,0.7,0.04,0,0.995
5,59.0,0,0.5,0.7,0.03,0,0.99
5,45.3,0,0.995,0.5,0.005,0,0.95
5,61.7,0,0.7,0.3,0.03,0,0.99
5,61.6,0,0.1,0.5,0.005,0,0.995
5,60.7,0,0.3,0.3,0.005,0,0.99
5,60.7,0,0.99,0.3,0.01,0,0.9
5,62.3,0,0.3,0.3,0.02,0,0.7
5,62.9,0,0.5,0.3,0.02,0,0.7
5,61.3,0,0.99,0.5,0.01,0,0.7
5,61.3,0,0.0,0.3,0.02,0,0.7
5,59.1,0,0.99,0.5,0.04,0,0.8
5,56.6,0,0.995,0.7,0.01,0,0.8
5,60.8,0,0.5,0.3,0.005,0,0.99
5,59.6,0,0.7,0.5,0.04,0,0.8
5,63.2,0,0.9,0.3,0.005,0,0.8
5,56.8,0,0.99,0.7,0.04,0,0.7
5,63.1,0,0.1,0.7,0.005,0,0.99
5,61.9,0,0.5,0.7,0.005,0,0.99
5,56.0,0,0.3,0.7,0.04,0,0.7
5,62.8,0,0.9,0.3,0.02,0,0.7
5,60.7,0,0.99,0.5,0.005,0,0.8
5,62.4,0,0.1,0.5,0.01,0,0.8
5,62.9,0,0.3,0.3,0.005,0,0.8
5,60.8,0,0.99,0.5,0.01,0,0.8
5,62.9,0,0.7,0.3,0.005,0,0.8
5,63.4,0,0.5,0.3,0.005,0,0.8
5,58.9,0,0.1,0.3,0.005,0,0.995
6,56.8,0,0.995,0.7,0.04,0,0.7
6,62.9,0,0.3,0.3,0.02,0,0.9
6,58.9,0,0.1,0.3,0.005,0,0.995
6,58.9,0,0.99,0.5,0.04,0,0.7
6,62.5,0,0.7,0.3,0.03,0,0.9
6,60.8,0,0.5,0.3,0.005,0,0.99
6,56.2,0,0.95,0.3,0.04,0,0.995
6,63.5,0,0.7,0.3,0.01,0,0.9
6,62.0,0,0.5,0.3,0.03,0,0.8
6,58.0,0,0.9,0.3,0.005,0,0.995
6,59.9,0,0.0,0.3,0.02,0,0.995
6,60.1,0,0.9,0.5,0.01,0,0.95
6,59.4,0,0.0,0.7,0.01,0,0.7
6,57.7,0,0.1,0.5,0.04,0,0.99
6,58.5,0,0.95,0.7,0.02,0,0.7
6,62.3,0,0.5,0.5,0.02,0,0.99
6,62.0,0,0.1,0.7,0.01,0,0.9
6,63.4,0,0.5,0.3,0.005,0,0.8
6,61.2,0,0.5,0.7,0.005,0,0.995
6,56.2,0,0.1,0.7,0.04,0,0.99
6,62.3,0,0.7,0.5,0.01,0,0.99
6,62.5,0,0.0,0.3,0.01,0,0.7
6,57.8,0,0.3,0.7,0.04,0,0.95
6,59.4,0,0.1,0.3,0.04,0,0.99
6,56.0,0,0.3,0.7,0.04,0,0.7
6,62.4,0,0.1,0.5,0.01,0,0.8
6,59.9,0,0.1,0.3,0.005,0,0.99
6,57.4,0,0.9,0.5,0.02,0,0.99
6,60.9,0,0.99,0.5,0.005,0,0.6
6,62.0,0,0.1,0.7,0.005,0,0.8
6,58.1,0,0.3,0.5,0.04,0,0.7
6,61.3,0,0.7,0.7,0.01,0,0.95
6,61.4,0,0.3,0.5,0.02,0,0.99
6,61.9,0,0.7,0.3,0.04,0,0.95
6,55.3,0,0.95,0.5,0.02,0,0.95
6,60.7,0,0.95,0.3,0.04,0,0.9
6,60.4,0,0.95,0.5,0.02,0,0.6
6,62.5,0,0.7,0.3,0.005,0,0.95
6,60.7,0,0.3,0.7,0.02,0,0.99
6,61.2,0,0.5,0.3,0.03,0,0.99
6,61.7,0,0.7,0.7,0.005,0,0.95
6,62.9,0,0.1,0.3,0.01,0,0.9
6,62.0,0,0.0,0.3,0.02,0,0.9
6,58.9,0,0.95,0.5,0.02,0,0.9
6,60.6,0,0.7,0.7,0.02,0,0.95
6,62.4,0,0.0,0.3,0.01,0,0.95
6,60.0,0,0.995,0.5,0.02,0,0.8
6,61.9,0,0.5,0.7,0.005,0,0.99
6,60.8,0,0.99,0.5,0.01,0,0.8
6,56.8,0,0.5,0.7,0.03,0,0.6
6,60.3,0,0.99,0.5,0.02,0,0.8
6,61.0,0,0.95,0.5,0.01,0,0.8
6,59.4,0,0.95,0.5,0.01,0,0.9
6,62.3,0,0.1,0.3,0.02,0,0.9
6,61.3,0,0.0,0.3,0.02,0,0.7
6,62.9,0,0.5,0.3,0.02,0,0.7
6,62.4,0,0.5,0.3,0.01,0,0.99
6,30.5,0,0.99,0.5,0.005,0,0.99
6,61.5,0,0.7,0.3,0.04,0,0.8
6,59.5,0,0.5,0.5,0.04,0,0.8
6,60.9,0,0.95,0.5,0.02,0,0.8
6,59.6,0,0.7,0.5,0.04,0,0.8
6,63.0,0,0.5,0.3,0.02,0,0.9
7,63.0,0,0.0,0.5,0.005,0,0.95
7,56.9,0,0.95,0.3,0.01,0,0.99
7,59.8,0,0.995,0.5,0.03,0,0.7
7,60.4,0,0.3,0.7,0.01,0,0.7
7,59.5,0,0.5,0.5,0.04,0,0.8
7,61.2,0,0.5,0.7,0.005,0,0.995
7,60.6,0,0.7,0.7,0.02,0,0.95
7,59.5,0,0.95,0.5,0.03,0,0.6
7,59.5,0,0.0,0.5,0.03,0,0.9
7,59.4,0,0.1,0.3,0.04,0,0.99
7,61.5,0,0.7,0.3,0.04,0,0.8
7,62.8,0,0.3,0.7,0.005,0,0.9
7,56.8,0,0.995,0.7,0.04,0,0.7
7,33.3,0,0.95,0.7,0.03,0,0.99
7,24.4,0,0.995,0.7,0.04,0,0.995
7,61.3,0,0.5,0.7,0.005,0,0.9
7,62.0,0,0.0,0.3,0.02,0,0.9
7,61.1,0,0.3,0.3,0.02,0,0.995
7,62.0,0,0.9,0.3,0.02,0,0.95
7,60.9,0,0.95,0.5,0.02,0,0.8
7,58.8,0,0.0,0.7,0.02,0,0.8
7,62.8,0,0.95,0.3,0.02,0,0.8
7,58.9,0,0.95,0.5,0.02,0,0.9
7,62.3,0,0.7,0.5,0.01,0,0.99
7,60.1,0,0.3,0.3,0.04,0,0.99
7,59.5,0,0.5,0.5,0.04,0,0.995
7,24.9,0,0.995,0.5,0.02,0,0.995
7,53.7,0,0.0,0.7,0.04,0,0.6
7,63.1,0,0.99,0.3,0.01,0,0.6
7,58.6,0,0.0,0.7,0.02,0,0.995
7,61.2,0,0.5,0.3,0.04,0,0.8
7,63.2,0,0.7,0.3,0.02,0,0.8
7,58.0,0,0.9,0.3,0.005,0,0.995
7,57.2,0,0.1,0.5,0.04,0,0.7
7,60.7,0,0.99,0.3,0.02,0,0.9
7,56.2,0,0.1,0.7,0.04,0,0.99
7,59.8,0,0.5,0.7,0.005,0,0.6
7,63.1,0,0.5,0.3,0.02,0,0.8
7,58.6,0,0.5,0.7,0.03,0,0.995
7,59.8,0,0.1,0.7,0.02,0,0.99
7,62.4,0,0.0,0.3,0.01,0,0.95
7,59.8,0,0.9,0.3,0.01,0,0.995
7,58.7,0,0.99,0.7,0.02,0,0.7
7,62.9,0,0.1,0.3,0.01,0,0.9
7,61.8,0,0.3,0.3,0.03,0,0.9
7,61.7,0,0.7,0.7,0.005,0,0.95
7,63.2,0,0.7,0.3,0.02,0,0.9
7,63.0,0,0.5,0.3,0.02,0,0.9
7,63.7,0,0.7,0.3,0.01,0,0.8
7,61.9,0,0.5,0.7,0.005,0,0.99
7,48.0,0,0.995,0.7,0.04,0,0.9
7,62.3,0,0.1,0.3,0.02,0,0.9
7,61.0,0,0.95,0.5,0.01,0,0.8
7,61.6,0,0.7,0.5,0.02,0,0.8
7,57.3,0,0.7,0.7,0.04,0,0.8
7,61.1,0,0.995,0.3,0.04,0,0.8
7,62.5,0,0.0,0.3,0.01,0,0.7
7,63.4,0,0.9,0.3,0.01,0,0.7
7,60.7,0,0.9,0.5,0.02,0,0.9
7,60.7,0,0.9,0.5,0.02,0,0.9
7,62.1,0,0.7,0.5,0.01,0,0.8
7,63.4,0,0.5,0.3,0.005,0,0.8
7,61.5,0,0.1,0.3,0.01,0,0.99
8,61.5,0,0.1,0.3,0.01,0,0.99
8,23.2,0,0.99,0.7,0.01,0,0.995
8,60.3,0,0.0,0.5,0.02,0,0.8
8,60.7,0,0.99,0.3,0.02,0,0.9
8,59.8,0,0.3,0.7,0.005,0,0.6
8,59.4,0,0.7,0.7,0.03,0,0.9
8,62.8,0,0.9,0.3,0.02,0,0.7
8,62.9,0,0.1,0.3,0.01,0,0.9
8,59.4,0,0.1,0.3,0.04,0,0.99
8,59.1,0,0.0,0.7,0.02,0,0.99
8,58.0,0,0.3,0.7,0.02,0,0.6
8,62.0,0,0.0,0.3,0.02,0,0.9
8,33.3,0,0.95,0.7,0.03,0,0.99
8,60.1,0,0.3,0.3,0.04,0,0.99
8,57.2,0,0.1,0.5,0.04,0,0.7
8,62.6,0,0.7,0.5,0.005,0,0.95
8,59.5,0,0.95,0.5,0.03,0,0.6
8,59.1,0,0.0,0.7,0.02,0,0.99
8,63.1,0,0.3,0.5,0.005,0,0.8
8,62.9,0,0.95,0.3,0.005,0,0.8
8,61.4,0,0.9,0.5,0.01,0,0.9
8,61.9,0,0.1,0.3,0.005,0,0.95
8,63.2,0,0.3,0.3,0.01,0,0.95
8,62.1,0,0.9,0.3,0.03,0,0.7
8,61.3,0,0.9,0.5,0.01,0,0.7
8,58.0,0,0.1,0.5,0.04,0,0.8
8,63.4,0,0.5,0.3,0.005,0,0.8
8,56.8,0,0.99,0.7,0.04,0,0.7
8,58.2,0,0.95,0.7,0.02,0,0.8
8,59.8,0,0.1,0.7,0.02,0,0.99
8,58.7,0,0.5,0.7,0.03,0,0.9
8,61.8,0,0.1,0.3,0.02,0,0.8
8,61.3,0,0.1,0.5,0.01,0,0.7
8,60.9,0,0.95,0.5,0.01,0,0.6
8,52.9,0,0.95,0.7,0.02,0,0.9
8,61.1,0,0.3,0.3,0.02,0,0.995
8,62.5,0,0.95,0.3,0.02,0,0.6
8,63.8,0,0.5,0.3,0.01,0,0.9
8,63.0,0,0.0,0.7,0.005,0,0.95
8,59.3,0,0.9,0.7,0.01,0,0.7
8,55.4,0,0.9,0.7,0.04,0,0.9
8,59.8,0,0.1,0.3,0.04,0,0.9
8,58.8,0,0.0,0.7,0.02,0,0.8
8,62.1,0,0.7,0.5,0.01,0,0.8
8,57.4,0,0.0,0.5,0.04,0,0.99
8,59.7,0,0.7,0.5,0.04,0,0.99
8,58.6,0,0.5,0.7,0.02,0,0.8
8,61.5,0,0.0,0.3,0.02,0,0.8
8,45.3,0,0.95,0.5,0.04,0,0.995
8,59.5,0,0.5,0.5,0.04,0,0.995
8,60.7,0,0.1,0.5,0.02,0,0.8
8,63.1,0,0.5,0.3,0.02,0,0.8
8,58.2,0,0.7,0.7,0.03,0,0.8
8,62.8,0,0.95,0.3,0.02,0,0.8
8,57.8,0,0.9,0.7,0.03,0,0.7
8,63.3,0,0.95,0.3,0.01,0,0.7
8,57.8,0,0.95,0.3,0.03,0,0.99
8,24.9,0,0.99,0.7,0.03,0,0.99
8,63.2,0,0.7,0.3,0.02,0,0.8
8,62.4,0,0.99,0.3,0.02,0,0.8
8,60.1,0,0.3,0.3,0.04,0,0.7
8,63.4,0,0.9,0.3,0.01,0,0.7
8,62.8,0,0.95,0.3,0.01,0,0.8
9,58.6,0,0.0,0.7,0.01,0,0.6
9,61.3,0,0.99,0.5,0.01,0,0.7
9,62.0,0,0.9,0.3,0.02,0,0.95
9,62.4,0,0.5,0.3,0.01,0,0.99
9,33.3,0,0.95,0.7,0.03,0,0.99
9,56.4,0,0.95,0.3,0.03,0,0.995
9,63.2,0,0.9,0.3,0.01,0,0.8
9,61.3,0,0.9,0.5,0.005,0,0.7
9,58.6,0,0.7,0.7,0.01,0,0.6
9,62.1,0,0.7,0.5,0.01,0,0.8
9,63.1,0,0.5,0.3,0.02,0,0.8
9,58.9,0,0.9,0.3,0.04,0,0.995
9,60.7,0,0.7,0.7,0.005,0,0.99
9,63.0,0,0.3,0.3,0.005,0,0.7
9,62.2,0,0.7,0.3,0.02,0,0.99
9,54.6,0,0.9,0.5,0.005,0,0.995
9,52.9,0,0.95,0.7,0.02,0,0.9
9,60.7,0,0.3,0.3,0.03,0,0.6
9,55.0,0,0.995,0.3,0.005,0,0.95
9,62.2,0,0.7,0.5,0.005,0,0.8
9,55.4,0,0.9,0.7,0.04,0,0.9
9,62.8,0,0.9,0.3,0.02,0,0.7
9,60.5,0,0.1,0.7,0.02,0,0.95
9,62.3,0,0.7,0.5,0.01,0,0.99
9,44.5,0,0.9,0.7,0.01,0,0.995
9,61.0,0,0.5,0.5,0.02,0,0.7
9,63.2,0,0.3,0.3,0.01,0,0.95
9,60.4,0,0.95,0.5,0.02,0,0.6
9,61.4,0,0.95,0.3,0.03,0,0.9
9,62.3,0,0.0,0.5,0.01,0,0.9
9,24.4,0,0.995,0.7,0.04,0,0.995
9,63.4,0,0.5,0.3,0.005,0,0.8
9,63.3,0,0.1,0.5,0.01,0,0.95
9,59.4,0,0.1,0.3,0.04,0,0.99
9,45.4,0,0.99,0.3,0.005,0,0.99
9,61.6,0,0.0,0.7,0.005,0,0.995
9,56.8,0,0.5,0.7,0.03,0,0.6
9,62.6,0,0.995,0.3,0.01,0,0.8
9,61.3,0,0.5,0.3,0.02,0,0.995
9,61.4,0,0.0,0.7,0.005,0,0.8
9,58.6,0,0.95,0.5,0.04,0,0.6
9,23.2,0,0.99,0.7,0.01,0,0.995
9,58.2,0,0.95,0.7,0.02,0,0.8
9,57.5,0,0.95,0.7,0.03,0,0.8
9,62.8,0,0.95,0.3,0.02,0,0.8
9,62.6,0,0.0,0.3,0.01,0,0.8
9,62.6,0,0.3,0.3,0.02,0,0.8
9,61.5,0,0.0,0.3,0.02,0,0.8
9,57.9,0,0.9,0.7,0.02,0,0.6
9,60.1,0,0.0,0.3,0.01,0,0.995
9,26.0,0,0.99,0.5,0.01,0,0.995
9,63.0,0,0.0,0.7,0.005,0,0.95
9,56.2,0,0.99,0.7,0.04,0,0.6
9,61.4,0,0.3,0.3,0.01,0,0.995
9,62.8,0,0.3,0.7,0.005,0,0.9
9,59.5,0,0.95,0.5,0.03,0,0.6
9,59.9,0,0.5,0.3,0.005,0,0.995
9,61.1,0,0.3,0.3,0.02,0,0.995
9,62.3,0,0.0,0.7,0.005,0,0.99
9,60.1,0,0.3,0.3,0.04,0,0.99
9,61.0,0,0.95,0.3,0.04,0,0.6
9,57.7,0,0.1,0.5,0.03,0,0.6
9,62.8,0,0.95,0.3,0.01,0,0.8
10,61.4,0,0.1,0.5,0.02,0,0.9
10,57.7,0,0.1,0.5,0.03,0,0.6
10,59.9,0,0.5,0.3,0.005,0,0.995
10,24.6,0,0.995,0.7,0.03,0,0.99
10,25.2,0,0.99,0.7,0.01,0,0.99
10,58.9,0,0.95,0.5,0.02,0,0.9
10,62.2,0,0.7,0.3,0.02,0,0.99
10,59.8,0,0.7,0.5,0.03,0,0.7
10,56.8,0,0.5,0.7,0.03,0,0.6
10,60.2,0,0.99,0.3,0.03,0,0.9
10,55.4,0,0.9,0.7,0.04,0,0.9
10,62.6,0,0.995,0.3,0.01,0,0.8
10,63.0,0,0.3,0.3,0.005,0,0.7
10,62.3,0,0.7,0.5,0.01,0,0.99
10,55.3,0,0.0,0.7,0.04,0,0.99
10,62.6,0,0.3,0.3,0.02,0,0.8
10,63.3,0,0.1,0.5,0.01,0,0.95
10,59.1,0,0.9,0.5,0.04,0,0.7
10,56.3,0,0.95,0.7,0.04,0,0.6
10,44.5,0,0.9,0.7,0.01,0,0.995
10,55.0,0,0.995,0.3,0.005,0,0.95
10,60.1,0,0.995,0.3,0.03,0,0.9
10,62.0,0,0.1,0.7,0.005,0,0.8
10,59.7,0,0.99,0.5,0.03,0,0.8
10,61.0,0,0.95,0.3,0.04,0,0.6
10,62.3,0,0.7,0.5,0.01,0,0.99
10,53.7,0,0.0,0.7,0.04,0,0.6
10,28.7,0,0.995,0.5,0.01,0,0.99
10,62.1,0,0.0,0.3,0.005,0,0.8
10,61.9,0,0.995,0.3,0.03,0,0.8
10,58.8,0,0.3,0.5,0.04,0,0.995
10,56.4,0,0.995,0.3,0.02,0,0.95
10,59.9,0,0.95,0.3,0.005,0,0.95
10,61.3,0,0.9,0.3,0.04,0,0.7
10,62.8,0,0.95,0.3,0.02,0,0.8
10,24.0,0,0.995,0.7,0.03,0,0.995
10,63.2,0,0.7,0.3,0.02,0,0.8
10,58.8,0,0.0,0.5,0.03,0,0.8
10,61.5,0,0.0,0.3,0.02,0,0.8
10,27.7,0,0.99,0.5,0.005,0,0.995
10,61.4,0,0.1,0.3,0.03,0,0.9
10,59.4,0,0.1,0.5,0.03,0,0.8
10,61.6,0,0.7,0.5,0.005,0,0.995
10,54.6,0,0.9,0.5,0.005,0,0.995
10,61.1,0,0.7,0.5,0.03,0,0.9
10,62.7,0,0.3,0.3,0.005,0,0.9
10,63.1,0,0.3,0.3,0.01,0,0.7
10,59.5,0,0.9,0.7,0.005,0,0.7
10,63.4,0,0.3,0.5,0.01,0,0.9
10,62.9,0,0.7,0.3,0.005,0,0.9
10,61.7,0,0.9,0.5,0.01,0,0.8
10,63.2,0,0.9,0.3,0.01,0,0.8
10,63.0,0,0.0,0.7,0.005,0,0.95
10,59.8,0,0.9,0.5,0.005,0,0.95
10,55.9,0,0.995,0.3,0.01,0,0.95
10,61.3,0,0.9,0.3,0.005,0,0.95
10,45.5,0,0.9,0.7,0.005,0,0.995
10,55.8,0,0.9,0.5,0.01,0,0.995
10,62.3,0,0.0,0.5,0.01,0,0.9
10,60.7,0,0.95,0.3,0.04,0,0.9
10,62.0,0,0.0,0.3,0.02,0,0.9
10,61.4,0,0.95,0.3,0.03,0,0.9
10,60.3,0,0.7,0.3,0.005,0,0.995
11,60.3,0,0.7,0.3,0.005,0,0.995
11,62.9,0,0.7,0.3,0.005,0,0.9
11,61.1,0,0.7,0.5,0.03,0,0.9
11,58.4,0,0.7,0.5,0.04,0,0.6
11,60.6,0,0.3,0.3,0.04,0,0.8
11,56.5,0,0.3,0.7,0.03,0,0.6
11,60.4,0,0.0,0.7,0.005,0,0.7
11,58.0,0,0.0,0.7,0.03,0,0.95
11,56.9,0,0.1,0.7,0.04,0,0.95
11,63.3,0,0.1,0.5,0.01,0,0.95
11,48.3,0,0.9,0.7,0.01,0,0.99
11,60.7,0,0.95,0.3,0.04,0,0.9
11,61.8,0,0.3,0.5,0.01,0,0.7
11,59.6,0,0.995,0.7,0.005,0,0.7
11,63.5,0,0.7,0.3,0.01,0,0.9
11,62.8,0,0.7,0.5,0.01,0,0.9
11,63.5,0,0.7,0.3,0.01,0,0.9
11,61.7,0,0.9,0.5,0.01,0,0.8
11,58.9,0,0.95,0.5,0.02,0,0.9
11,60.7,0,0.3,0.7,0.02,0,0.99
11,25.9,0,0.99,0.5,0.04,0,0.995
11,56.8,0,0.9,0.7,0.02,0,0.9
11,60.6,0,0.1,0.3,0.03,0,0.7
11,62.1,0,0.9,0.3,0.005,0,0.9
11,55.3,0,0.0,0.7,0.04,0,0.8
11,61.4,0,0.1,0.3,0.03,0,0.9
11,60.3,0,0.99,0.5,0.02,0,0.8
11,62.0,0,0.1,0.7,0.005,0,0.8
11,53.7,0,0.0,0.7,0.04,0,0.6
11,59.3,0,0.9,0.7,0.01,0,0.7
11,63.4,0,0.3,0.5,0.01,0,0.9
11,59.5,0,0.7,0.5,0.03,0,0.6
11,57.1,0,0.9,0.5,0.01,0,0.99
11,44.4,0,0.995,0.3,0.03,0,0.99
11,62.5,0,0.7,0.3,0.005,0,0.95
11,61.3,0,0.5,0.5,0.03,0,0.9
11,61.8,0,0.3,0.3,0.03,0,0.9
11,60.7,0,0.3,0.7,0.02,0,0.99
11,60.4,0,0.0,0.3,0.03,0,0.8
11,58.8,0,0.0,0.5,0.03,0,0.8
11,61.2,0,0.3,0.5,0.01,0,0.6
11,57.4,0,0.0,0.5,0.04,0,0.99
11,61.8,0,0.1,0.3,0.02,0,0.8
11,61.2,0,0.9,0.5,0.005,0,0.8
11,60.1,0,0.7,0.5,0.03,0,0.995
11,61.2,0,0.5,0.7,0.005,0,0.995
11,60.9,0,0.9,0.5,0.01,0,0.6
11,56.8,0,0.5,0.7,0.03,0,0.6
11,60.2,0,0.99,0.3,0.03,0,0.9
11,59.5,0,0.0,0.5,0.03,0,0.9
11,58.9,0,0.7,0.5,0.04,0,0.7
11,58.5,0,0.1,0.7,0.03,0,0.9
11,63.2,0,0.7,0.3,0.02,0,0.8
11,61.5,0,0.0,0.3,0.02,0,0.8
11,62.9,0,0.7,0.3,0.005,0,0.8
11,62.8,0,0.95,0.3,0.02,0,0.8
11,25.7,0,0.95,0.7,0.01,0,0.995
11,44.5,0,0.9,0.7,0.01,0,0.995
11,27.7,0,0.99,0.5,0.005,0,0.995
11,61.6,0,0.7,0.5,0.005,0,0.995
11,62.2,0,0.7,0.3,0.02,0,0.99
11,55.3,0,0.0,0.7,0.04,0,0.99
11,58.7,0,0.5,0.7,0.03,0,0.9
12,45.5,0,0.9,0.7,0.005,0,0.995
12,62.2,0,0.7,0.5,0.005,0,0.8
12,59.8,0,0.1,0.7,0.02,0,0.99
12,61.1,0,0.1,0.3,0.03,0,0.8
12,62.7,0,0.3,0.3,0.005,0,0.9
12,62.1,0,0.9,0.3,0.005,0,0.9
12,61.4,0,0.1,0.3,0.03,0,0.9
12,62.8,0,0.95,0.3,0.02,0,0.8
12,60.7,0,0.95,0.3,0.04,0,0.9
12,62.5,0,0.7,0.3,0.03,0,0.95
12,60.3,0,0.99,0.5,0.02,0,0.6
12,59.3,0,0.9,0.7,0.01,0,0.7
12,61.6,0,0.95,0.3,0.02,0,0.9
12,58.0,0,0.9,0.3,0.005,0,0.995
12,59.4,0,0.1,0.3,0.04,0,0.99
12,60.0,0,0.995,0.5,0.02,0,0.8
12,61.2,0,0.3,0.5,0.01,0,0.6
12,60.1,0,0.7,0.5,0.03,0,0.995
12,59.5,0,0.7,0.5,0.03,0,0.6
12,54.1,0,0.9,0.7,0.005,0,0.95
12,59.2,0,0.1,0.3,0.03,0,0.995
12,61.6,0,0.5,0.7,0.01,0,0.95
12,43.7,0,0.995,0.3,0.005,0,0.99
12,60.7,0,0.3,0.5,0.02,0,0.7
12,62.0,0,0.5,0.3,0.03,0,0.7
12,57.8,0,0.0,0.5,0.04,0,0.9
12,43.1,0,0.99,0.3,0.02,0,0.995
12,61.9,0,0.995,0.3,0.03,0,0.8
12,58.8,0,0.0,0.5,0.03,0,0.8
12,62.0,0,0.1,0.7,0.005,0,0.8
12,61.9,0,0.7,0.3,0.03,0,0.6
12,63.2,0,0.9,0.3,0.01,0,0.8
12,62.7,0,0.0,0.3,0.01,0,0.9
12,60.6,0,0.7,0.5,0.03,0,0.8
12,48.0,0,0.995,0.7,0.04,0,0.9
12,60.9,0,0.5,0.3,0.04,0,0.7
12,60.1,0,0.995,0.3,0.03,0,0.9
12,58.2,0,0.95,0.7,0.02,0,0.8
12,57.3,0,0.95,0.3,0.04,0,0.99
12,60.3,0,0.9,0.7,0.01,0,0.8
12,61.8,0,0.3,0.5,0.01,0,0.7
12,56.1,0,0.95,0.3,0.02,0,0.995
12,59.2,0,0.1,0.3,0.03,0,0.995
12,63.3,0,0.1,0.5,0.01,0,0.95
12,59.5,0,0.0,0.5,0.03,0,0.9
12,31.3,0,0.995,0.5,0.04,0,0.99
12,57.3,0,0.9,0.7,0.01,0,0.9
12,35.0,0,0.99,0.5,0.04,0,0.99
12,63.4,0,0.9,0.3,0.01,0,0.7
12,59.2,0,0.7,0.7,0.01,0,0.7
12,61.7,0,0.9,0.5,0.01,0,0.8
12,63.2,0,0.7,0.3,0.02,0,0.8
12,62.9,0,0.3,0.3,0.02,0,0.9
12,56.8,0,0.9,0.7,0.02,0,0.9
12,62.1,0,0.3,0.7,0.005,0,0.8
12,63.4,0,0.3,0.5,0.005,0,0.9
12,60.6,0,0.1,0.7,0.005,0,0.7
12,60.6,0,0.1,0.3,0.03,0,0.7
12,63.5,0,0.7,0.3,0.01,0,0.9
12,63.4,0,0.3,0.5,0.01,0,0.9
12,59.2,0,0.95,0.7,0.005,0,0.8
12,61.8,0,0.1,0.3,0.02,0,0.8
12,62.0,0,0.95,0.3,0.01,0,0.9
13,59.7,0,0.99,0.3,0.04,0,0.9
13,60.7,0,0.3,0.3,0.03,0,0.99
13,45.3,0,0.9,0.7,0.04,0,0.995
13,27.7,0,0.99,0.5,0.005,0,0.995
13,61.2,0,0.3,0.5,0.01,0,0.6
13,63.5,0,0.7,0.3,0.005,0,0.7
13,62.5,0,0.5,0.3,0.02,0,0.6
13,57.6,0,0.7,0.7,0.02,0,0.6
13,62.9,0,0.5,0.3,0.005,0,0.6
13,61.8,0,0.1,0.3,0.02,0,0.8
13,63.2,0,0.9,0.3,0.01,0,0.8
13,61.0,0,0.3,0.7,0.02,0,0.95
13,62.0,0,0.995,0.3,0.03,0,0.6
13,61.7,0,0.7,0.5,0.02,0,0.99
13,61.0,0,0.9,0.5,0.005,0,0.9
13,60.1,0,0.995,0.3,0.03,0,0.9
13,62.2,0,0.7,0.5,0.005,0,0.8
13,63.1,0,0.3,0.5,0.005,0,0.8
13,62.1,0,0.9,0.3,0.005,0,0.9
13,61.7,0,0.9,0.5,0.01,0,0.8
13,61.6,0,0.7,0.5,0.005,0,0.995
13,59.3,0,0.9,0.7,0.01,0,0.7
13,59.9,0,0.5,0.7,0.02,0,0.9
13,56.7,0,0.99,0.7,0.005,0,0.8
13,61.2,0,0.1,0.3,0.03,0,0.95
13,62.1,0,0.3,0.7,0.005,0,0.8
13,62.0,0,0.95,0.3,0.01,0,0.9
13,62.6,0,0.5,0.5,0.02,0,0.95
13,62.2,0,0.7,0.5,0.005,0,0.7
13,60.7,0,0.995,0.5,0.01,0,0.6
13,59.8,0,0.3,0.7,0.02,0,0.8
13,62.5,0,0.3,0.3,0.01,0,0.6
13,61.6,0,0.95,0.3,0.02,0,0.9
13,56.9,0,0.9,0.7,0.04,0,0.7
13,60.8,0,0.5,0.7,0.01,0,0.9
13,62.4,0,0.3,0.5,0.02,0,0.95
13,58.1,0,0.3,0.5,0.04,0,0.7
13,55.3,0,0.3,0.7,0.04,0,0.6
13,60.3,0,0.9,0.7,0.01,0,0.8
13,60.8,0,0.7,0.3,0.04,0,0.6
13,62.0,0,0.5,0.3,0.03,0,0.7
13,52.3,0,0.95,0.7,0.01,0,0.9
13,60.1,0,0.7,0.7,0.01,0,0.8
13,63.3,0,0.5,0.5,0.005,0,0.8
13,61.4,0,0.9,0.3,0.04,0,0.9
13,61.6,0,0.95,0.3,0.005,0,0.9
13,61.8,0,0.3,0.5,0.01,0,0.7
13,60.9,0,0.0,0.5,0.02,0,0.9
13,47.1,0,0.995,0.7,0.01,0,0.9
13,62.1,0,0.5,0.3,0.03,0,0.9
13,61.6,0,0.5,0.3,0.04,0,0.9
13,61.4,0,0.1,0.3,0.03,0,0.9
13,54.2,0,0.9,0.7,0.01,0,0.95
13,61.6,0,0.5,0.7,0.01,0,0.95
13,57.3,0,0.9,0.7,0.01,0,0.9
13,60.7,0,0.95,0.3,0.04,0,0.9
13,56.9,0,0.9,0.7,0.005,0,0.9
13,62.8,0,0.7,0.5,0.01,0,0.9
13,56.2,0,0.9,0.7,0.03,0,0.9
13,62.9,0,0.1,0.3,0.01,0,0.9
13,63.0,0,0.9,0.3,0.005,0,0.7
13,60.9,0,0.5,0.3,0.04,0,0.7
13,62.5,0,0.7,0.5,0.005,0,0.9
14,54.1,0,0.9,0.7,0.005,0,0.95
14,62.0,0,0.95,0.3,0.01,0,0.9
14,62.5,0,0.5,0.3,0.02,0,0.6
14,61.4,0,0.1,0.3,0.03,0,0.9
14,60.2,0,0.3,0.5,0.03,0,0.8
14,62.9,0,0.3,0.3,0.02,0,0.9
14,57.7,0,0.95,0.5,0.04,0,0.9
14,58.7,0,0.1,0.7,0.01,0,0.6
14,56.2,0,0.99,0.7,0.04,0,0.6
14,59.6,0,0.995,0.7,0.005,0,0.7
14,61.0,0,0.0,0.5,0.02,0,0.95
14,63.3,0,0.5,0.5,0.005,0,0.8
14,62.0,0,0.3,0.7,0.01,0,0.995
14,62.6,0,0.7,0.5,0.005,0,0.95
14,62.8,0,0.7,0.5,0.01,0,0.9
14,59.5,0,0.3,0.5,0.03,0,0.7
14,60.3,0,0.7,0.3,0.005,0,0.995
14,59.8,0,0.3,0.7,0.02,0,0.8
14,63.1,0,0.3,0.5,0.005,0,0.8
14,59.5,0,0.5,0.5,0.04,0,0.8
14,59.3,0,0.9,0.7,0.01,0,0.7
14,62.5,0,0.7,0.5,0.005,0,0.9
14,59.2,0,0.95,0.7,0.01,0,0.7
14,60.7,0,0.99,0.5,0.005,0,0.8
14,63.2,0,0.3,0.3,0.01,0,0.95
14,61.6,0,0.5,0.7,0.01,0,0.95
14,63.5,0,0.5,0.3,0.01,0,0.7
14,62.0,0,0.5,0.3,0.03,0,0.8
14,60.7,0,0.995,0.5,0.01,0,0.6
14,54.2,0,0.9,0.7,0.01,0,0.95
14,57.5,0,0.7,0.7,0.03,0,0.7
14,55.3,0,0.3,0.7,0.04,0,0.6
14,62.3,0,0.0,0.5,0.01,0,0.9
14,62.1,0,0.5,0.7,0.005,0,0.95
14,60.7,0,0.0,0.3,0.03,0,0.9
14,56.8,0,0.9,0.7,0.02,0,0.9
14,62.9,0,0.1,0.3,0.01,0,0.9
14,62.1,0,0.3,0.7,0.005,0,0.8
14,59.2,0,0.1,0.3,0.03,0,0.995
14,63.3,0,0.5,0.3,0.01,0,0.95
14,36.8,0,0.99,0.7,0.01,0,0.95
14,62.1,0,0.3,0.5,0.005,0,0.7
14,62.9,0,0.95,0.3,0.005,0,0.7
14,62.2,0,0.7,0.5,0.005,0,0.7
14,61.3,0,0.3,0.7,0.01,0,0.8
14,52.7,0,0.95,0.7,0.04,0,0.9
14,60.1,0,0.995,0.5,0.02,0,0.6
14,59.2,0,0.3,0.7,0.01,0,0.6
14,63.0,0,0.9,0.3,0.005,0,0.6
14,62.9,0,0.5,0.3,0.005,0,0.6
14,58.4,0,0.3,0.7,0.03,0,0.8
14,61.8,0,0.1,0.3,0.02,0,0.8
14,63.0,0,0.95,0.3,0.01,0,0.6
14,24.2,0,0.995,0.7,0.01,0,0.99
14,58.7,0,0.5,0.7,0.03,0,0.9
14,59.8,0,0.9,0.3,0.01,0,0.995
14,61.6,0,0.95,0.3,0.005,0,0.9
14,60.8,0,0.5,0.7,0.01,0,0.9
14,56.2,0,0.9,0.7,0.03,0,0.9
14,60.8,0,0.3,0.7,0.02,0,0.9
14,61.1,0,0.9,0.3,0.04,0,0.6
14,60.8,0,0.7,0.3,0.04,0,0.6
14,57.3,0,0.9,0.7,0.01,0,0.9
15,57.5,0,0.7,0.7,0.03,0,0.7
15,25.7,0,0.99,0.7,0.005,0,0.99
15,59.8,0,0.9,0.3,0.01,0,0.995
15,60.0,0,0.0,0.3,0.03,0,0.7
15,56.8,0,0.9,0.7,0.02,0,0.9
15,62.1,0,0.5,0.7,0.005,0,0.95
15,61.1,0,0.1,0.3,0.03,0,0.8
15,57.7,0,0.0,0.7,0.02,0,0.7
15,62.4,0,0.1,0.5,0.01,0,0.8
15,60.1,0,0.9,0.5,0.01,0,0.95
15,61.0,0,0.5,0.5,0.02,0,0.7
15,61.1,0,0.7,0.5,0.03,0,0.9
15,60.8,0,0.7,0.3,0.04,0,0.6
15,61.4,0,0.3,0.5,0.005,0,0.6
15,63.3,0,0.9,0.3,0.01,0,0.6
15,60.0,0,0.99,0.3,0.005,0,0.9
15,62.0,0,0.5,0.3,0.03,0,0.8
15,62.5,0,0.5,0.3,0.03,0,0.95
15,62.3,0,0.0,0.5,0.01,0,0.9
15,61.1,0,0.995,0.5,0.005,0,0.7
15,40.5,0,0.995,0.7,0.04,0,0.95
15,58.6,0,0.9,0.7,0.02,0,0.7
15,60.3,0,0.5,0.7,0.02,0,0.95
15,62.5,0,0.5,0.3,0.005,0,0.95
15,57.3,0,0.7,0.7,0.04,0,0.8
15,60.8,0,0.0,0.3,0.02,0,0.6
15,48.3,0,0.9,0.7,0.01,0,0.99
15,62.5,0,0.3,0.3,0.005,0,0.6
15,62.0,0,0.3,0.7,0.01,0,0.995
15,61.4,0,0.1,0.3,0.03,0,0.9
15,61.6,0,0.5,0.3,0.04,0,0.9
15,35.9,0,0.99,0.7,0.005,0,0.95
15,57.8,0,0.9,0.7,0.03,0,0.7
15,44.5,0,0.9,0.7,0.01,0,0.995
15,59.3,0,0.9,0.7,0.01,0,0.7
15,62.7,0,0.7,0.3,0.02,0,0.6
15,40.2,0,0.995,0.3,0.01,0,0.995
15,61.1,0,0.9,0.3,0.04,0,0.6
15,54.2,0,0.9,0.7,0.01,0,0.95
15,61.8,0,0.5,0.3,0.01,0,0.995
15,62.1,0,0.5,0.3,0.03,0,0.9
15,58.6,0,0.5,0.7,0.02,0,0.8
15,60.7,0,0.9,0.3,0.04,0,0.95
15,62.1,0,0.3,0.5,0.005,0,0.7
15,63.4,0,0.3,0.5,0.005,0,0.9
15,60.7,0,0.0,0.3,0.03,0,0.9
15,59.1,0,0.9,0.5,0.04,0,0.7
15,57.1,0,0.995,0.7,0.03,0,0.6
15,55.4,0,0.9,0.7,0.04,0,0.9
15,62.5,0,0.9,0.3,0.02,0,0.9
15,63.1,0,0.3,0.5,0.005,0,0.8
15,60.6,0,0.7,0.5,0.03,0,0.8
15,60.2,0,0.3,0.5,0.03,0,0.8
15,62.1,0,0.0,0.3,0.005,0,0.8
15,61.5,0,0.9,0.3,0.04,0,0.8
15,61.8,0,0.1,0.3,0.02,0,0.8
15,59.5,0,0.3,0.5,0.03,0,0.7
15,62.0,0,0.5,0.3,0.03,0,0.7
15,60.3,0,0.7,0.3,0.005,0,0.995
15,59.2,0,0.1,0.3,0.03,0,0.995
15,59.3,0,0.5,0.7,0.005,0,0.7
15,62.2,0,0.7,0.5,0.005,0,0.7
15,45.5,0,0.9,0.7,0.005,0,0.995
16,61.0,0,0.5,0.5,0.02,0,0.7
16,47.4,0,0.995,0.5,0.03,0,0.95
16,60.6,0,0.7,0.7,0.02,0,0.95
16,61.4,0,0.3,0.5,0.005,0,0.6
16,61.1,0,0.995,0.5,0.005,0,0.7
16,44.4,0,0.995,0.3,0.03,0,0.99
16,56.6,0,0.95,0.7,0.04,0,0.7
16,62.7,0,0.7,0.3,0.02,0,0.6
16,57.5,0,0.7,0.7,0.03,0,0.7
16,60.2,0,0.3,0.3,0.03,0,0.995
16,44.5,0,0.9,0.7,0.01,0,0.995
16,62.3,0,0.0,0.5,0.01,0,0.9
16,59.3,0,0.5,0.7,0.005,0,0.7
16,59.8,0,0.1,0.3,0.04,0,0.9
16,60.0,0,0.7,0.7,0.005,0,0.8
16,60.9,0,0.95,0.5,0.01,0,0.6
16,56.9,0,0.99,0.7,0.02,0,0.8
16,59.2,0,0.7,0.7,0.03,0,0.95
16,60.6,0,0.0,0.3,0.03,0,0.95
16,60.2,0,0.3,0.5,0.03,0,0.8
16,58.5,0,0.995,0.7,0.01,0,0.6
16,56.7,0,0.5,0.7,0.03,0,0.7
16,62.0,0,0.5,0.3,0.03,0,0.8
16,44.8,0,0.9,0.7,0.02,0,0.995
16,62.2,0,0.9,0.3,0.03,0,0.8
16,61.8,0,0.1,0.3,0.02,0,0.8
16,28.9,0,0.99,0.5,0.02,0,0.99
16,25.6,0,0.995,0.5,0.04,0,0.995
16,62.4,0,0.1,0.5,0.01,0,0.8
16,60.5,0,0.1,0.5,0.01,0,0.6
16,60.0,0,0.95,0.5,0.03,0,0.8
16,62.2,0,0.1,0.3,0.02,0,0.95
16,62.8,0,0.7,0.5,0.01,0,0.9
16,61.8,0,0.7,0.5,0.01,0,0.7
16,60.6,0,0.7,0.5,0.03,0,0.8
16,59.2,0,0.9,0.7,0.02,0,0.8
16,61.6,0,0.5,0.3,0.04,0,0.9
16,60.3,0,0.9,0.7,0.01,0,0.8
16,58.6,0,0.5,0.7,0.02,0,0.8
16,60.7,0,0.3,0.5,0.02,0,0.7
16,62.1,0,0.0,0.3,0.005,0,0.8
16,58.4,0,0.9,0.5,0.04,0,0.95
16,59.4,0,0.7,0.7,0.03,0,0.9
16,62.1,0,0.5,0.3,0.03,0,0.9
16,62.9,0,0.95,0.3,0.005,0,0.7
16,60.9,0,0.7,0.5,0.02,0,0.7
16,56.4,0,0.995,0.7,0.005,0,0.8
16,56.4,0,0.1,0.7,0.03,0,0.7
16,62.9,0,0.5,0.3,0.02,0,0.7
16,60.6,0,0.1,0.3,0.03,0,0.7
16,55.9,0,0.995,0.3,0.01,0,0.95
16,62.5,0,0.5,0.3,0.005,0,0.95
16,61.2,0,0.995,0.5,0.01,0,0.7
16,61.6,0,0.1,0.5,0.005,0,0.7
16,60.7,0,0.5,0.3,0.03,0,0.995
16,40.2,0,0.995,0.3,0.01,0,0.995
16,62.2,0,0.7,0.3,0.03,0,0.7
16,62.0,0,0.5,0.3,0.03,0,0.7
16,62.9,0,0.3,0.3,0.02,0,0.9
16,63.1,0,0.5,0.3,0.02,0,0.8
16,58.5,0,0.7,0.7,0.04,0,0.95
16,57.1,0,0.0,0.5,0.04,0,0.8
16,63.6,0,0.5,0.3,0.01,0,0.8
17,57.6,0,0.5,0.7,0.04,0,0.9
17,25.6,0,0.995,0.5,0.04,0,0.995
17,59.2,0,0.95,0.7,0.005,0,0.8
17,58.8,0,0.1,0.5,0.03,0,0.995
17,61.4,0,0.3,0.5,0.005,0,0.6
17,28.9,0,0.99,0.5,0.02,0,0.99
17,62.2,0,0.7,0.3,0.03,0,0.7
17,57.5,0,0.7,0.7,0.03,0,0.7
17,63.1,0,0.5,0.3,0.02,0,0.8
17,28.8,0,0.995,0.5,0.03,0,0.99
17,55.6,0,0.995,0.7,0.04,0,0.8
17,60.6,0,0.995,0.3,0.01,0,0.9
17,44.4,0,0.995,0.3,0.03,0,0.99
17,60.9,0,0.0,0.3,0.02,0,0.99
17,60.0,0,0.7,0.7,0.005,0,0.8
17,40.2,0,0.995,0.3,0.01,0,0.995
17,55.3,0,0.995,0.5,0.04,0,0.9
17,61.6,0,0.5,0.3,0.04,0,0.9
17,25.4,0,0.995,0.5,0.03,0,0.995
17,52.8,0,0.95,0.7,0.03,0,0.9
17,57.9,0,0.0,0.5,0.04,0,0.95
17,57.7,0,0.995,0.7,0.03,0,0.7
17,61.7,0,0.0,0.3,0.005,0,0.95
17,59.4,0,0.3,0.3,0.04,0,0.995
17,59.9,0,0.5,0.7,0.005,0,0.8
17,61.9,0,0.3,0.5,0.005,0,0.995
17,63.1,0,0.5,0.5,0.01,0,0.8
17,56.5,0,0.995,0.7,0.02,0,0.8
17,63.4,0,0.3,0.5,0.005,0,0.9
17,58.2,0,0.7,0.7,0.03,0,0.8
17,26.0,0,0.95,0.7,0.005,0,0.995
17,63.3,0,0.7,0.3,0.005,0,0.6
17,59.9,0,0.3,0.5,0.02,0,0.6
17,41.9,0,0.99,0.7,0.04,0,0.95
17,62.4,0,0.99,0.3,0.02,0,0.6
17,61.4,0,0.9,0.3,0.03,0,0.95
17,52.3,0,0.95,0.7,0.01,0,0.9
17,59.5,0,0.0,0.3,0.005,0,0.99
17,62.2,0,0.7,0.3,0.02,0,0.99
17,62.7,0,0.7,0.3,0.02,0,0.6
17,63.2,0,0.7,0.3,0.02,0,0.9
17,24.6,0,0.995,0.7,0.03,0,0.99
17,62.1,0,0.3,0.5,0.005,0,0.7
17,60.7,0,0.3,0.5,0.02,0,0.7
17,61.3,0,0.7,0.7,0.01,0,0.9
17,59.8,0,0.3,0.5,0.03,0,0.995
17,62.8,0,0.7,0.5,0.01,0,0.9
17,59.8,0,0.995,0.5,0.03,0,0.7
17,63.9,0,0.5,0.5,0.01,0,0.95
17,63.3,0,0.995,0.3,0.01,0,0.7
17,62.1,0,0.0,0.3,0.005,0,0.7
17,62.9,0,0.95,0.3,0.005,0,0.7
17,62.5,0,0.3,0.3,0.005,0,0.6
17,62.0,0,0.5,0.5,0.005,0,0.6
17,63.1,0,0.3,0.5,0.005,0,0.8
17,62.1,0,0.0,0.3,0.005,0,0.8
17,58.9,0,0.1,0.3,0.005,0,0.995
17,62.2,0,0.9,0.3,0.03,0,0.8
17,56.9,0,0.99,0.7,0.02,0,0.8
17,61.4,0,0.3,0.5,0.02,0,0.8
17,61.5,0,0.7,0.3,0.04,0,0.7
17,62.0,0,0.5,0.3,0.03,0,0.7
17,56.7,0,0.5,0.7,0.03,0,0.7
18,44.4,0,0.995,0.3,0.03,0,0.99
18,58.8,0,0.1,0.5,0.03,0,0.995
18,61.3,0,0.7,0.7,0.01,0,0.9
18,63.1,0,0.5,0.5,0.01,0,0.8
18,59.5,0,0.0,0.3,0.005,0,0.99
18,62.7,0,0.7,0.3,0.02,0,0.6
18,62.0,0,0.95,0.3,0.01,0,0.9
18,55.6,0,0.995,0.7,0.04,0,0.8
18,63.4,0,0.5,0.5,0.005,0,0.95
18,62.1,0,0.9,0.3,0.005,0,0.9
18,58.8,0,0.0,0.7,0.02,0,0.8
18,57.9,0,0.3,0.7,0.04,0,0.9
18,35.0,0,0.99,0.5,0.04,0,0.99
18,60.6,0,0.1,0.3,0.03,0,0.7
18,58.9,0,0.0,0.3,0.03,0,0.995
18,26.0,0,0.95,0.7,0.005,0,0.995
18,25.2,0,0.95,0.7,0.02,0,0.995
18,52.3,0,0.95,0.7,0.01,0,0.9
18,57.0,0,0.3,0.7,0.04,0,0.8
18,62.1,0,0.3,0.5,0.005,0,0.7
18,62.0,0,0.5,0.5,0.005,0,0.6
18,60.3,0,0.9,0.5,0.02,0,0.6
18,59.3,0,0.1,0.5,0.03,0,0.99
18,60.5,0,0.7,0.7,0.02,0,0.9
18,55.3,0,0.3,0.7,0.04,0,0.6
18,59.7,0,0.99,0.5,0.03,0,0.8
18,45.3,0,0.95,0.5,0.04,0,0.995
18,61.4,0,0.9,0.3,0.03,0,0.95
18,62.3,0,0.0,0.7,0.005,0,0.99
18,63.5,0,0.3,0.5,0.005,0,0.95
18,63.3,0,0.5,0.3,0.01,0,0.95
18,63.4,0,0.3,0.5,0.005,0,0.9
18,62.0,0,0.5,0.3,0.03,0,0.7
18,59.2,0,0.7,0.7,0.01,0,0.7
18,60.8,0,0.5,0.3,0.005,0,0.99
18,62.6,0,0.9,0.3,0.01,0,0.9
18,62.7,0,0.3,0.5,0.01,0,0.8
18,61.8,0,0.9,0.3,0.03,0,0.9
18,56.9,0,0.99,0.7,0.02,0,0.8
18,62.3,0,0.995,0.3,0.03,0,0.7
18,63.1,0,0.3,0.5,0.005,0,0.8
18,60.3,0,0.99,0.5,0.02,0,0.8
18,63.5,0,0.5,0.3,0.01,0,0.7
18,59.9,0,0.5,0.5,0.03,0,0.7
18,61.9,0,0.7,0.3,0.03,0,0.6
18,62.5,0,0.5,0.3,0.02,0,0.6
18,59.8,0,0.9,0.5,0.005,0,0.95
18,46.7,0,0.95,0.5,0.02,0,0.99
18,63.3,0,0.5,0.5,0.005,0,0.8
18,61.3,0,0.95,0.3,0.04,0,0.7
18,57.1,0,0.9,0.5,0.01,0,0.99
18,62.7,0,0.3,0.5,0.005,0,0.99
18,61.5,0,0.7,0.3,0.04,0,0.7
18,57.7,0,0.995,0.7,0.03,0,0.7
18,56.7,0,0.995,0.3,0.03,0,0.95
18,63.3,0,0.995,0.3,0.01,0,0.7
18,57.5,0,0.7,0.7,0.03,0,0.7
18,62.2,0,0.7,0.3,0.03,0,0.7
18,55.8,0,0.7,0.7,0.04,0,0.6
18,60.7,0,0.99,0.5,0.005,0,0.8
18,63.9,0,0.5,0.5,0.01,0,0.95
18,62.5,0,0.5,0.3,0.03,0,0.95
18,59.2,0,0.95,0.7,0.01,0,0.7
19,49.1,0,0.99,0.5,0.04,0,0.95
19,62.4,0,0.7,0.3,0.03,0,0.8
19,60.3,0,0.99,0.5,0.02,0,0.8
19,61.9,0,0.0,0.5,0.01,0,0.8
19,62.6,0,0.1,0.3,0.01,0,0.95
19,63.9,0,0.5,0.5,0.01,0,0.95
19,62.1,0,0.1,0.7,0.01,0,0.99
19,60.4,0,0.3,0.7,0.01,0,0.7
19,63.1,0,0.3,0.5,0.005,0,0.8
19,58.8,0,0.0,0.7,0.02,0,0.8
19,59.9,0,0.5,0.5,0.03,0,0.7
19,63.0,0,0.5,0.5,0.01,0,0.99
19,40.5,0,0.995,0.7,0.04,0,0.95
19,59.2,0,0.3,0.7,0.01,0,0.6
19,62.7,0,0.3,0.5,0.005,0,0.99
19,62.3,0,0.0,0.7,0.005,0,0.99
19,58.6,0,0.5,0.7,0.03,0,0.995
19,62.7,0,0.7,0.3,0.02,0,0.6
19,55.6,0,0.995,0.7,0.04,0,0.8
19,56.5,0,0.995,0.7,0.02,0,0.8
19,60.7,0,0.95,0.5,0.02,0,0.7
19,60.2,0,0.3,0.3,0.03,0,0.995
19,62.1,0,0.3,0.7,0.005,0,0.8
19,61.5,0,0.7,0.3,0.04,0,0.7
19,61.3,0,0.5,0.5,0.03,0,0.9
19,63.4,0,0.5,0.3,0.005,0,0.8
19,57.5,0,0.3,0.7,0.04,0,0.99
19,55.3,0,0.0,0.7,0.04,0,0.8
19,61.5,0,0.5,0.5,0.03,0,0.95
19,62.7,0,0.5,0.3,0.005,0,0.9
19,62.1,0,0.9,0.3,0.005,0,0.9
19,60.9,0,0.95,0.5,0.02,0,0.8
19,59.8,0,0.1,0.3,0.04,0,0.9
19,62.0,0,0.5,0.3,0.03,0,0.8
19,59.6,0,0.7,0.7,0.005,0,0.7
19,57.7,0,0.7,0.7,0.04,0,0.99
19,55.9,0,0.9,0.5,0.03,0,0.995
19,61.3,0,0.5,0.3,0.03,0,0.6
19,59.0,0,0.0,0.3,0.04,0,0.7
19,25.5,0,0.99,0.5,0.02,0,0.995
19,56.6,0,0.0,0.7,0.03,0,0.995
19,63.4,0,0.3,0.5,0.005,0,0.9
19,56.6,0,0.95,0.7,0.04,0,0.7
19,60.1,0,0.3,0.3,0.04,0,0.7
19,62.1,0,0.95,0.3,0.03,0,0.7
19,62.0,0,0.5,0.3,0.03,0,0.7
19,63.4,0,0.3,0.5,0.01,0,0.9
19,63.2,0,0.5,0.5,0.005,0,0.9
19,56.9,0,0.99,0.7,0.02,0,0.8
19,61.4,0,0.3,0.5,0.02,0,0.8
19,25.7,0,0.99,0.5,0.03,0,0.995
19,58.9,0,0.0,0.3,0.03,0,0.995
19,59.2,0,0.7,0.7,0.01,0,0.7
19,60.5,0,0.99,0.5,0.02,0,0.7
19,55.5,0,0.99,0.7,0.04,0,0.8
19,62.1,0,0.3,0.5,0.005,0,0.7
19,55.6,0,0.99,0.5,0.02,0,0.9
19,36.8,0,0.99,0.7,0.01,0,0.95
19,60.6,0,0.1,0.3,0.03,0,0.7
19,61.3,0,0.95,0.3,0.04,0,0.7
19,55.9,0,0.0,0.7,0.04,0,0.9
19,57.9,0,0.3,0.7,0.04,0,0.9
19,59.4,0,0.1,0.3,0.04,0,0.7
20,59.2,0,0.0,0.3,0.04,0,0.8
20,62.0,0,0.99,0.3,0.03,0,0.8
20,60.5,0,0.99,0.5,0.02,0,0.7
20,62.5,0,0.7,0.5,0.005,0,0.9
20,55.9,0,0.99,0.3,0.005,0,0.95
20,60.0,0,0.1,0.3,0.03,0,0.6
20,61.7,0,0.7,0.7,0.005,0,0.9
20,57.3,0,0.9,0.7,0.04,0,0.8
20,61.6,0,0.7,0.5,0.02,0,0.8
20,59.8,0,0.0,0.3,0.03,0,0.99
20,61.5,0,0.7,0.3,0.04,0,0.7
20,62.0,0,0.5,0.3,0.03,0,0.8
20,62.4,0,0.99,0.3,0.02,0,0.8
20,47.0,0,0.99,0.5,0.01,0,0.95
20,60.8,0,0.7,0.3,0.04,0,0.6
20,44.8,0,0.9,0.7,0.02,0,0.995
20,58.2,0,0.7,0.7,0.03,0,0.8
20,62.1,0,0.9,0.3,0.005,0,0.9
20,61.3,0,0.5,0.3,0.03,0,0.6
20,40.5,0,0.995,0.7,0.04,0,0.95
20,56.9,0,0.99,0.7,0.02,0,0.8
20,43.8,0,0.95,0.5,0.02,0,0.995
20,60.5,0,0.9,0.3,0.01,0,0.99
20,59.6,0,0.7,0.5,0.04,0,0.8
20,60.8,0,0.0,0.7,0.01,0,0.995
20,61.3,0,0.95,0.3,0.04,0,0.7
20,48.0,0,0.995,0.7,0.04,0,0.9
20,58.7,0,0.99,0.7,0.01,0,0.6
20,58.0,0,0.1,0.7,0.03,0,0.99
20,62.5,0,0.9,0.3,0.02,0,0.9
20,46.6,0,0.995,0.7,0.005,0,0.9
20,62.5,0,0.3,0.7,0.01,0,0.99
20,55.6,0,0.995,0.7,0.04,0,0.8
20,63.4,0,0.5,0.5,0.005,0,0.95
20,62.9,0,0.0,0.7,0.005,0,0.9
20,61.9,0,0.7,0.3,0.04,0,0.95
20,61.5,0,0.5,0.5,0.03,0,0.95
20,59.2,0,0.3,0.7,0.01,0,0.6
20,62.4,0,0.7,0.3,0.03,0,0.8
20,60.3,0,0.99,0.5,0.02,0,0.8
20,61.7,0,0.7,0.3,0.03,0,0.99
20,62.0,0,0.5,0.3,0.03,0,0.8
20,61.6,0,0.0,0.7,0.005,0,0.995
20,56.6,0,0.0,0.7,0.03,0,0.995
20,61.1,0,0.99,0.5,0.005,0,0.7
20,57.7,0,0.0,0.7,0.02,0,0.7
20,61.2,0,0.5,0.3,0.04,0,0.8
20,62.7,0,0.1,0.3,0.005,0,0.8
20,55.9,0,0.995,0.7,0.03,0,0.8
20,55.3,0,0.0,0.7,0.04,0,0.8
20,59.1,0,0.5,0.7,0.03,0,0.95
20,62.9,0,0.0,0.5,0.01,0,0.95
20,61.4,0,0.1,0.3,0.03,0,0.9
20,63.9,0,0.5,0.5,0.01,0,0.95
20,60.9,0,0.7,0.5,0.02,0,0.7
20,63.4,0,0.5,0.3,0.005,0,0.8
20,62.0,0,0.5,0.5,0.005,0,0.6
20,59.4,0,0.1,0.3,0.04,0,0.7
20,57.9,0,0.3,0.7,0.04,0,0.9
20,59.8,0,0.1,0.3,0.04,0,0.9
20,25.0,0,0.995,0.7,0.04,0,0.99
20,62.3,0,0.0,0.7,0.005,0,0.99
20,59.0,0,0.0,0.3,0.04,0,0.7
21,60.1,0,0.5,0.5,0.04,0,0.9
21,61.3,0,0.99,0.3,0.04,0,0.7
21,59.5,0,0.95,0.3,0.04,0,0.95
21,56.0,0,0.3,0.7,0.04,0,0.7
21,58.0,0,0.1,0.7,0.03,0,0.99
21,59.4,0,0.7,0.5,0.04,0,0.995
21,61.8,0,0.1,0.5,0.01,0,0.995
21,60.6,0,0.7,0.7,0.02,0,0.95
21,63.9,0,0.5,0.5,0.01,0,0.95
21,47.6,0,0.995,0.7,0.03,0,0.9
21,56.2,0,0.99,0.7,0.03,0,0.8
21,62.3,0,0.0,0.7,0.005,0,0.99
21,46.3,0,0.99,0.5,0.005,0,0.95
21,59.4,0,0.1,0.3,0.04,0,0.7
21,61.5,0,0.7,0.3,0.04,0,0.7
21,56.6,0,0.0,0.7,0.03,0,0.995
21,60.7,0,0.95,0.3,0.01,0,0.95
21,48.0,0,0.995,0.7,0.04,0,0.9
21,62.1,0,0.9,0.3,0.005,0,0.9
21,35.9,0,0.99,0.7,0.005,0,0.95
21,58.9,0,0.9,0.3,0.04,0,0.995
21,63.0,0,0.9,0.3,0.005,0,0.7
21,62.0,0,0.5,0.3,0.03,0,0.8
21,27.7,0,0.99,0.5,0.005,0,0.995
21,59.4,0,0.3,0.3,0.005,0,0.995
21,59.8,0,0.9,0.5,0.03,0,0.9
21,63.1,0,0.1,0.7,0.005,0,0.99
21,59.5,0,0.995,0.3,0.04,0,0.9
21,62.4,0,0.99,0.3,0.02,0,0.8
21,52.7,0,0.95,0.7,0.04,0,0.9
21,60.2,0,0.3,0.3,0.03,0,0.995
21,62.9,0,0.3,0.3,0.02,0,0.9
21,62.8,0,0.9,0.3,0.02,0,0.8
21,58.6,0,0.5,0.7,0.02,0,0.8
21,63.2,0,0.7,0.3,0.02,0,0.9
21,60.9,0,0.5,0.3,0.04,0,0.7
21,62.0,0,0.99,0.3,0.03,0,0.8
21,62.3,0,0.3,0.3,0.005,0,0.95
21,62.7,0,0.5,0.3,0.02,0,0.95
21,56.9,0,0.99,0.7,0.02,0,0.8
21,59.3,0,0.1,0.5,0.03,0,0.99
21,58.8,0,0.99,0.7,0.005,0,0.6
21,60.3,0,0.5,0.5,0.04,0,0.95
21,26.0,0,0.99,0.5,0.01,0,0.995
21,61.4,0,0.9,0.3,0.03,0,0.95
21,54.8,0,0.0,0.7,0.04,0,0.995
21,61.0,0,0.5,0.5,0.02,0,0.7
21,60.5,0,0.99,0.5,0.02,0,0.7
21,62.5,0,0.9,0.3,0.02,0,0.9
21,62.1,0,0.5,0.3,0.03,0,0.9
21,61.1,0,0.1,0.3,0.03,0,0.8
21,24.9,0,0.99,0.7,0.03,0,0.99
21,62.4,0,0.5,0.5,0.005,0,0.7
21,61.1,0,0.99,0.5,0.005,0,0.7
21,63.9,0,0.5,0.5,0.01,0,0.95
21,60.1,0,0.1,0.5,0.03,0,0.95
21,57.4,0,0.99,0.3,0.03,0,0.95
21,61.5,0,0.5,0.5,0.03,0,0.95
21,59.1,0,0.5,0.7,0.03,0,0.95
21,61.9,0,0.7,0.3,0.04,0,0.95
21,61.8,0,0.9,0.3,0.03,0,0.9
21,62.9,0,0.1,0.7,0.005,0,0.9
21,60.2,0,0.1,0.3,0.03,0,0.99
